dx = 1
r = 0.002
0 0
0 0
0 0
0.0 0.0

dx = 0.5
r = 0.008
0 0.196 0
0 0.204 0
0 0.2 0
0.0 0.139 0.0

dx = 0.1
r = 0.19999999999999998
0 0.042 0.08 0.11 0.129 0.136 0.129 0.11 0.08 0.042 0
0 0.054 0.096 0.128 0.149 0.157 0.149 0.128 0.096 0.054 0
0 0.048 0.088 0.12 0.14 0.147 0.14 0.12 0.088 0.048 0
0.0 0.043 0.082 0.112 0.132 0.139 0.132 0.112 0.082 0.043 0.0

dx = 0.05
r = 0.7999999999999999
0 2.5145225238421948e16 -5.026618455013273e16 7.528644149734874e16 -1.0003048295180102e17 1.2418707871021808e17 -1.4728734708246445e17 1.687010525127768e17 -1.876533500403568e17 2.032624822929056e17 -2.145968991324545e17 2.2074806626134246e17 -2.209130967924168e17 2.1447957308657952e17 -2.011038277110315e17 1.8077377691140093e17 -1.5384829844295866e17 1.2106712192419333e17 -8.352809115523456e16 4.263214406944946e16 0
0 0.034 0.058 0.079 0.099 0.117 0.132 0.144 0.153 0.158 0.16 0.158 0.153 0.144 0.132 0.117 0.099 0.079 0.058 0.034 0
0 0.029 0.051 0.072 0.091 0.108 0.123 0.135 0.143 0.148 0.15 0.148 0.143 0.135 0.123 0.108 0.091 0.072 0.051 0.029 0
0.0 0.022 0.043 0.063 0.082 0.098 0.112 0.124 0.132 0.137 0.139 0.137 0.132 0.124 0.112 0.098 0.082 0.063 0.043 0.022 0.0

dx = 0.06324555320336758
r = 0.5000000000000001
0 0.023 0.045 0.065 0.082 0.095 0.105 0.109 0.109 0.104 0.095 0.082 0.065 0.045 0.023 0
0 0.036 0.061 0.083 0.103 0.118 0.129 0.134 0.134 0.129 0.118 0.103 0.084 0.061 0.036 0
0 0.03 0.054 0.075 0.094 0.109 0.119 0.124 0.124 0.119 0.109 0.094 0.076 0.054 0.03 0
0.0 0.027 0.054 0.078 0.099 0.116 0.129 0.137 0.139 0.136 0.127 0.113 0.095 0.074 0.049 0.022
